zoom = -36.00 db

ftl_0 = 1
fml_0 = 0
sl_0 = 3
xsl_0 = false
xml_0 = false
fl_0 = 200.00000
gl_0 = 4.00 db
ql_0 = 1.01000

ftr_0 = 1
fmr_0 = 0
sr_0 = 3
xsr_0 = false
xmr_0 = false
fr_0 = 200.00000
gr_0 = 4.00 db
qr_0 = 1.01000

ftl_1 = 1
fml_1 = 0
sl_1 = 0
xsl_1 = false
xml_1 = false
fl_1 = 800.00000
gl_1 = -2.80 db
ql_1 = 1.00000

ftr_1 = 1
fmr_1 = 0
sr_1 = 0
xsr_1 = false
xmr_1 = false
fr_1 = 800.00000
gr_1 = -2.80 db
qr_1 = 1.00000

ftl_2 = 1
fml_2 = 0
sl_2 = 0
xsl_2 = false
xml_2 = false
fl_2 = 3000.00000
gl_2 = 2.90 db
ql_2 = 1.59000

ftr_2 = 1
fmr_2 = 0
sr_2 = 0
xsr_2 = false
xmr_2 = false
fr_2 = 3000.00000
gr_2 = 2.90 db
qr_2 = 1.59000

ftl_3 = 1
fml_3 = 0
sl_3 = 0
xsl_3 = false
xml_3 = false
fl_3 = 7000.00000
gl_3 = 4.00 db
ql_3 = 2.00000

ftr_3 = 1
fmr_3 = 0
sr_3 = 0
xsr_3 = false
xmr_3 = false
fr_3 = 7000.00000
gr_3 = 4.00 db
qr_3 = 2.00000
