zoom = -36.00 db

ftl_0 = 1
fml_0 = 0
sl_0 = 0
xsl_0 = false
xml_0 = false
fl_0 = 44.00000
gl_0 = 0.70 db
ql_0 = 1.00000

ftl_1 = 1
fml_1 = 0
sl_1 = 0
xsl_1 = false
xml_1 = false
fl_1 = 10150.00000
gl_1 = 0.85 db
ql_1 = 1.00000

ftr_0 = 1
fmr_0 = 0
sr_0 = 0
xsr_0 = false
xmr_0 = false
fr_0 = 70.00000
gr_0 = 0.70 db
qr_0 = 1.00000

ftr_1 = 1
fmr_1 = 0
sr_1 = 0
xsr_1 = false
xmr_1 = false
fr_1 = 6517.00000
gr_1 = 0.85 db
qr_1 = 1.00000
