zoom = -36.00 db

ftl_0 = 2
fml_0 = 0
sl_0 = 0
xsl_0 = false
xml_0 = false
fl_0 = 300.00000
gl_0 = 0.00 db
ql_0 = 0.42500

ftr_0 = 2
fmr_0 = 0
sr_0 = 0
xsr_0 = false
xmr_0 = false
fr_0 = 300.00000
gr_0 = 0.00 db
qr_0 = 0.42500

ftl_1 = 4
fml_1 = 4
sl_1 = 3
xsl_1 = false
xml_1 = false
fl_1 = 3400.00000
gl_1 = 0.00 db
ql_1 = 1.25000

ftr_1 = 4
fmr_1 = 4
sr_1 = 3
xsr_1 = false
xmr_1 = false
fr_1 = 3400.00000
gr_1 = 0.00 db
qr_1 = 1.25000
