zoom = -36.00 db

ftl_0 = 1
fml_0 = 0
sl_0 = 0
xsl_0 = false
xml_0 = false
fl_0 = 55.00000
gl_0 = 2.63 db
ql_0 = 0.60000

ftr_0 = 1
fmr_0 = 0
sr_0 = 0
xsr_0 = false
xmr_0 = false
fr_0 = 55.00000
gr_0 = 2.63 db
qr_0 = 0.60000

ftl_1 = 1
fml_1 = 0
sl_1 = 0
xsl_1 = false
xml_1 = false
fl_1 = 611.31085
gl_1 = -1.66 db
ql_1 = 1.00000

ftr_1 = 1
fmr_1 = 0
sr_1 = 0
xsr_1 = false
xmr_1 = false
fr_1 = 611.31085
gr_1 = -1.66 db
qr_1 = 1.00000

ftl_2 = 3
fml_2 = 0
sl_2 = 0
xsl_2 = false
xml_2 = false
fl_2 = 2038.86414
gl_2 = 1.45 db
ql_2 = 0.00000

ftr_2 = 3
fmr_2 = 0
sr_2 = 0
xsr_2 = false
xmr_2 = false
fr_2 = 2038.86414
gr_2 = 1.45 db
qr_2 = 0.00000

ftl_3 = 3
fml_3 = 0
sl_3 = 3
xsl_3 = false
xml_3 = false
fl_3 = 16237.45605
gl_3 = 0.49 db
ql_3 = 0.00000

ftr_3 = 3
fmr_3 = 0
sr_3 = 3
xsr_3 = false
xmr_3 = false
fr_3 = 16237.45605
gr_3 = 0.49 db
qr_3 = 0.00000
