zoom = -36.00 db

ftl_0 = 1
fml_0 = 0
sl_0 = 0
xsl_0 = false
xml_0 = false
fl_0 = 59.02418
gl_0 = 2.47 db
ql_0 = 0.00000

ftr_0 = 1
fmr_0 = 0
sr_0 = 0
xsr_0 = false
xmr_0 = false
fr_0 = 59.02418
gr_0 = 2.47 db
qr_0 = 0.00000

ftl_1 = 1
fml_1 = 0
sl_1 = 0
xsl_1 = false
xml_1 = false
fl_1 = 147.38745
gl_1 = 0.00 db
ql_1 = 0.00000

ftr_1 = 1
fmr_1 = 0
sr_1 = 0
xsr_1 = false
xmr_1 = false
fr_1 = 147.38745
gr_1 = 0.00 db
qr_1 = 0.00000

ftl_2 = 1
fml_2 = 1
sl_2 = 0
xsl_2 = false
xml_2 = false
fl_2 = 251.38776
gl_2 = -1.80 db
ql_2 = 1.00000

ftr_2 = 1
fmr_2 = 1
sr_2 = 0
xsr_2 = false
xmr_2 = false
fr_2 = 251.38776
gr_2 = -1.80 db
qr_2 = 1.00000

ftl_3 = 1
fml_3 = 0
sl_3 = 0
xsl_3 = false
xml_3 = false
fl_3 = 1807.47607
gl_3 = 2.56 db
ql_3 = 0.60000

ftr_3 = 1
fmr_3 = 0
sr_3 = 0
xsr_3 = false
xmr_3 = false
fr_3 = 1807.47607
gr_3 = 2.56 db
qr_3 = 0.60000

ftl_4 = 1
fml_4 = 2
sl_4 = 0
xsl_4 = false
xml_4 = false
fl_4 = 4950.28857
gl_4 = 1.74 db
ql_4 = 0.00000

ftr_4 = 1
fmr_4 = 2
sr_4 = 0
xsr_4 = false
xmr_4 = false
fr_4 = 4950.28857
gr_4 = 1.74 db
qr_4 = 0.00000

ftl_5 = 1
fml_5 = 0
sl_5 = 0
xsl_5 = false
xml_5 = false
fl_5 = 12475.06934
gl_5 = 2.27 db
ql_5 = 0.00000

ftr_5 = 1
fmr_5 = 0
sr_5 = 0
xsr_5 = false
xmr_5 = false
fr_5 = 12475.06934
gr_5 = 2.27 db
qr_5 = 0.00000

ftl_6 = 3
fml_6 = 0
sl_6 = 0
xsl_6 = false
xml_6 = false
fl_6 = 19633.42578
gl_6 = 2.70 db
ql_6 = 0.00000

ftr_6 = 3
fmr_6 = 0
sr_6 = 0
xsr_6 = false
xmr_6 = false
fr_6 = 19633.42578
gr_6 = 2.70 db
qr_6 = 0.00000
