zoom = -36.00 db

ftl_0 = 1
fml_0 = 0
sl_0 = 0
xsl_0 = false
xml_0 = false
fl_0 = 64.00000
gl_0 = 2.14 db
ql_0 = 0.40000

ftr_0 = 1
fmr_0 = 0
sr_0 = 0
xsr_0 = false
xmr_0 = false
fr_0 = 64.00000
gr_0 = 2.14 db
qr_0 = 0.40000

ftl_1 = 1
fml_1 = 0
sl_1 = 0
xsl_1 = false
xml_1 = false
fl_1 = 1180.23254
gl_1 = 2.07 db
ql_1 = 0.60000

ftr_1 = 1
fmr_1 = 0
sr_1 = 0
xsr_1 = false
xmr_1 = false
fr_1 = 1180.23254
gr_1 = 2.07 db
qr_1 = 0.60000

ftl_2 = 1
fml_2 = 0
sl_2 = 0
xsl_2 = false
xml_2 = false
fl_2 = 276.05148
gl_2 = -0.48 db
ql_2 = 0.00000

ftr_2 = 1
fmr_2 = 0
sr_2 = 0
xsr_2 = false
xmr_2 = false
fr_2 = 276.05148
gr_2 = -0.48 db
qr_2 = 0.00000

ftl_3 = 0
fml_3 = 0
sl_3 = 0
xsl_3 = false
xml_3 = false
fl_3 = 63.00000
gl_3 = 0.00 db
ql_3 = 0.00000

ftr_3 = 0
fmr_3 = 0
sr_3 = 0
xsr_3 = false
xmr_3 = false
fr_3 = 63.00000
gr_3 = 0.00 db
qr_3 = 0.00000

