zoom = -36.00 db

ft_0 = 1
fm_0 = 0
s_0 = 3
xs_0 = false
xm_0 = false
f_0 = 200.00000
g_0 = 4.00 db
q_0 = 1.01000

ft_1 = 1
fm_1 = 0
s_1 = 0
xs_1 = false
xm_1 = false
f_1 = 800.00000
g_1 = -2.80 db
q_1 = 1.00000

ft_2 = 1
fm_2 = 0
s_2 = 0
xs_2 = false
xm_2 = false
f_2 = 3000.00000
g_2 = 2.90 db
q_2 = 1.59000

ft_3 = 1
fm_3 = 0
s_3 = 0
xs_3 = false
xm_3 = false
f_3 = 7000.00000
g_3 = 4.00 db
q_3 = 2.00000
