zoom = -36.00 db

ft_0 = 1
fm_0 = 0
s_0 = 0
xs_0 = false
xm_0 = false
f_0 = 59.02418
g_0 = 2.47 db
q_0 = 0.00000

ft_1 = 1
fm_1 = 0
s_1 = 0
xs_1 = false
xm_1 = false
f_1 = 147.38745
g_1 = 0.00 db
q_1 = 0.00000

ft_2 = 1
fm_2 = 1
s_2 = 0
xs_2 = false
xm_2 = false
f_2 = 251.38776
g_2 = -1.80 db
q_2 = 1.00000

ft_3 = 1
fm_3 = 0
s_3 = 0
xs_3 = false
xm_3 = false
f_3 = 1807.47607
g_3 = 2.56 db
q_3 = 0.60000

ft_4 = 1
fm_4 = 2
s_4 = 0
xs_4 = false
xm_4 = false
f_4 = 4950.28857
g_4 = 1.74 db
q_4 = 0.00000

ft_5 = 1
fm_5 = 0
s_5 = 0
xs_5 = false
xm_5 = false
f_5 = 12475.06934
g_5 = 2.27 db
q_5 = 0.00000

ft_6 = 3
fm_6 = 0
s_6 = 0
xs_6 = false
xm_6 = false
f_6 = 19633.42578
g_6 = 2.70 db
q_6 = 0.00000

