zoom = -36.00 db

ft_0 = 1
fm_0 = 0
s_0 = 0
xs_0 = false
xm_0 = false
f_0 = 70.00000
g_0 = 1.40 db
q_0 = 1.00000

ft_1 = 1
fm_1 = 0
s_1 = 0
xs_1 = false
xm_1 = false
f_1 = 6517.00000
g_1 = 1.70 db
q_1 = 1.00000
