zoom = -36.00 db

ft_0 = 2
fm_0 = 4
s_0 = 0
xs_0 = false
xm_0 = false
f_0 = 605.35852
g_0 = 0.27 db
q_0 = 0.00000

ft_1 = 1
fm_1 = 0
s_1 = 0
xs_1 = false
xm_1 = false
f_1 = 910.50134
g_1 = 4.84 db
q_1 = 6.20000

ft_2 = 1
fm_2 = 0
s_2 = 2
xs_2 = false
xm_2 = false
f_2 = 1586.67468
g_2 = 5.85 db
q_2 = 6.60000

ft_3 = 1
fm_3 = 1
s_3 = 1
xs_3 = false
xm_3 = false
f_3 = 2696.67676
g_3 = 4.32 db
q_3 = 9.00000

ft_4 = 4
fm_4 = 4
s_4 = 1
xs_4 = false
xm_4 = false
f_4 = 3877.14233
g_4 = 0.00 db
q_4 = 0.00000
