zoom = -36.00 db

ft_0 = 2
fm_0 = 0
s_0 = 0
xs_0 = false
xm_0 = false
f_0 = 300.00000
g_0 = 0.00 db
q_0 = 0.42500

ft_1 = 4
fm_1 = 4
s_1 = 3
xs_1 = false
xm_1 = false
f_1 = 3400.00000
g_1 = 0.00 db
q_1 = 1.25000
