zoom = -36.00 db

ft_0 = 1
fm_0 = 0
s_0 = 0
xs_0 = false
xm_0 = false
f_0 = 64.09135
g_0 = 1.96 db
q_0 = 0.40000

ft_1 = 1
fm_1 = 0
s_1 = 0
xs_1 = false
xm_1 = false
f_1 = 1544.80847
g_1 = 1.87 db
q_1 = 1.60000

ft_2 = 3
fm_2 = 0
s_2 = 0
xs_2 = false
xm_2 = false
f_2 = 5180.41748
g_2 = 1.50 db
q_2 = 0.00000

