zoom = -36.00 db

ft_0 = 1
fm_0 = 0
s_0 = 0
xs_0 = false
xm_0 = false
f_0 = 51.16787
g_0 = 0.90 db
q_0 = 0.40000

ft_1 = 1
fm_1 = 0
s_1 = 0
xs_1 = false
xm_1 = false
f_1 = 4447.53174
g_1 = 1.87 db
q_1 = 0.20000

ft_2 = 1
fm_2 = 0
s_2 = 0
xs_2 = false
xm_2 = false
f_2 = 210.36971
g_2 = -0.88 db
q_2 = 0.00000

ft_3 = 3
fm_3 = 0
s_3 = 0
xs_3 = false
xm_3 = false
f_3 = 14437.11426
g_3 = 2.21 db
q_3 = 0.00000
