zoom = -36.00 db

ft_0 = 1
fm_0 = 0
s_0 = 0
xs_0 = false
xm_0 = false
f_0 = 55.00000
g_0 = 2.63 db
q_0 = 0.60000

ft_1 = 1
fm_1 = 0
s_1 = 0
xs_1 = false
xm_1 = false
f_1 = 611.31085
g_1 = -1.66 db
q_1 = 1.00000

ft_2 = 3
fm_2 = 0
s_2 = 0
xs_2 = false
xm_2 = false
f_2 = 2038.86414
g_2 = 1.45 db
q_2 = 0.00000

ft_3 = 3
fm_3 = 0
s_3 = 3
xs_3 = false
xm_3 = false
f_3 = 16237.45605
g_3 = 0.49 db
q_3 = 0.00000
