zoom = -36.00 db

ftm_0 = 1
fmm_0 = 0
sm_0 = 3
xsm_0 = false
xmm_0 = false
fm_0 = 200.00000
gm_0 = 4.00 db
qm_0 = 1.01000

fts_0 = 1
fms_0 = 0
ss_0 = 3
xss_0 = false
xms_0 = false
fs_0 = 200.00000
gs_0 = 4.00 db
qs_0 = 1.01000

ftm_1 = 1
fmm_1 = 0
sm_1 = 0
xsm_1 = false
xmm_1 = false
fm_1 = 800.00000
gm_1 = -2.80 db
qm_1 = 1.00000

fts_1 = 1
fms_1 = 0
ss_1 = 0
xss_1 = false
xms_1 = false
fs_1 = 800.00000
gs_1 = -2.80 db
qs_1 = 1.00000

ftm_2 = 1
fmm_2 = 0
sm_2 = 0
xsm_2 = false
xmm_2 = false
fm_2 = 3000.00000
gm_2 = 2.90 db
qm_2 = 1.59000

fts_2 = 1
fms_2 = 0
ss_2 = 0
xss_2 = false
xms_2 = false
fs_2 = 3000.00000
gs_2 = 2.90 db
qs_2 = 1.59000

ftm_3 = 1
fmm_3 = 0
sm_3 = 0
xsm_3 = false
xmm_3 = false
fm_3 = 7000.00000
gm_3 = 4.00 db
qm_3 = 2.00000

fts_3 = 1
fms_3 = 0
ss_3 = 0
xss_3 = false
xms_3 = false
fs_3 = 7000.00000
gs_3 = 4.00 db
qs_3 = 2.00000
