zoom = -36.00 db

ftm_0 = 1
fmm_0 = 0
sm_0 = 0
xsm_0 = false
xmm_0 = false
fm_0 = 59.02418
gm_0 = 2.47 db
qm_0 = 0.00000

fts_0 = 1
fms_0 = 0
ss_0 = 0
xss_0 = false
xms_0 = false
fs_0 = 59.02418
gs_0 = 2.47 db
qs_0 = 0.00000

ftm_1 = 1
fmm_1 = 0
sm_1 = 0
xsm_1 = false
xmm_1 = false
fm_1 = 147.38745
gm_1 = 0.00 db
qm_1 = 0.00000

fts_1 = 1
fms_1 = 0
ss_1 = 0
xss_1 = false
xms_1 = false
fs_1 = 147.38745
gs_1 = 0.00 db
qs_1 = 0.00000

ftm_2 = 1
fmm_2 = 1
sm_2 = 0
xsm_2 = false
xmm_2 = false
fm_2 = 251.38776
gm_2 = -1.80 db
qm_2 = 1.00000

fts_2 = 1
fms_2 = 1
ss_2 = 0
xss_2 = false
xms_2 = false
fs_2 = 251.38776
gs_2 = -1.80 db
qs_2 = 1.00000

ftm_3 = 1
fmm_3 = 0
sm_3 = 0
xsm_3 = false
xmm_3 = false
fm_3 = 1807.47607
gm_3 = 2.56 db
qm_3 = 0.60000

fts_3 = 1
fms_3 = 0
ss_3 = 0
xss_3 = false
xms_3 = false
fs_3 = 1807.47607
gs_3 = 2.56 db
qs_3 = 0.60000

ftm_4 = 1
fmm_4 = 2
sm_4 = 0
xsm_4 = false
xmm_4 = false
fm_4 = 4950.28857
gm_4 = 1.74 db
qm_4 = 0.00000

fts_4 = 1
fms_4 = 2
ss_4 = 0
xss_4 = false
xms_4 = false
fs_4 = 4950.28857
gs_4 = 1.74 db
qs_4 = 0.00000

ftm_5 = 1
fmm_5 = 0
sm_5 = 0
xsm_5 = false
xmm_5 = false
fm_5 = 12475.06934
gm_5 = 2.27 db
qm_5 = 0.00000

fts_5 = 1
fms_5 = 0
ss_5 = 0
xss_5 = false
xms_5 = false
fs_5 = 12475.06934
gs_5 = 2.27 db
qs_5 = 0.00000

ftm_6 = 3
fmm_6 = 0
sm_6 = 0
xsm_6 = false
xmm_6 = false
fm_6 = 19633.42578
gm_6 = 2.70 db
qm_6 = 0.00000

fts_6 = 3
fms_6 = 0
ss_6 = 0
xss_6 = false
xms_6 = false
fs_6 = 19633.42578
gs_6 = 2.70 db
qs_6 = 0.00000
