zoom = -36.00 db

ftm_0 = 1
fmm_0 = 0
sm_0 = 0
xsm_0 = false
xmm_0 = false
fm_0 = 64.09135
gm_0 = 1.96 db
qm_0 = 0.40000

fts_0 = 1
fms_0 = 0
ss_0 = 0
xss_0 = false
xms_0 = false
fs_0 = 64.09135
gs_0 = 1.96 db
qs_0 = 0.40000

ftm_1 = 1
fmm_1 = 0
sm_1 = 0
xsm_1 = false
xmm_1 = false
fm_1 = 1544.80847
gm_1 = 1.87 db
qm_1 = 1.60000

fts_1 = 1
fms_1 = 0
ss_1 = 0
xss_1 = false
xms_1 = false
fs_1 = 1544.80847
gs_1 = 1.87 db
qs_1 = 1.60000

ftm_2 = 3
fmm_2 = 0
sm_2 = 0
xsm_2 = false
xmm_2 = false
fm_2 = 5180.41748
gm_2 = 1.50 db
qm_2 = 0.00000

fts_2 = 3
fms_2 = 0
ss_2 = 0
xss_2 = false
xms_2 = false
fs_2 = 5180.41748
gs_2 = 1.50 db
qs_2 = 0.00000
